-6.59 -44.68
-35.73 39.93
47.54 -52.04
23.78 46.82
-33.31 -13.11
47.83 45.98
26.12 2.25
24.41 -51.56
20.40 11.23
19.66 18.00
-11.79 -45.60
-33.94 28.50
42.77 -53.72
30.63 40.06
-23.85 -10.21
47.47 47.95
26.86 4.56
29.85 -47.32
20.34 7.31
16.44 23.74
-0.24 -48.35
-32.84 32.70
44.38 -47.26
26.79 45.48
-27.98 -9.22
46.89 41.54
23.24 3.53
28.11 -45.92
13.19 6.36
16.70 21.55
-2.60 -41.82
-34.83 37.61
45.90 -48.71
24.94 44.67
-31.64 -13.49
46.11 52.74
25.74 4.92
23.53 -43.31
14.79 9.70
17.79 22.59
-5.46 -48.18
-37.17 36.92
44.41 -47.72
20.61 39.36
-28.53 -11.34
47.12 46.73
21.04 4.75
30.21 -45.54
22.82 8.79
17.65 12.31
2.24 -41.88
-35.82 37.58
45.57 -45.67
18.99 41.35
-26.04 -14.18
43.82 48.01
24.94 5.72
21.34 -47.62
12.85 8.46
17.14 11.84
-2.75 -44.09
-33.85 40.27
38.50 -47.34
27.88 43.19
-31.65 -15.42
50.04 43.61
24.62 2.79
26.99 -49.43
17.79 13.69
14.74 16.44
-1.33 -48.79
-35.20 34.24
43.85 -43.47
25.95 42.04
-27.88 -12.83
45.11 47.59
20.66 2.77
22.00 -45.06
15.14 5.54
19.39 21.54
-1.11 -45.89
-42.10 33.34
42.90 -49.17
27.08 41.45
-28.49 -14.35
53.74 42.21
21.54 3.18
22.85 -48.49
17.37 6.12
21.03 24.69
-10.93 -43.03
-40.00 34.55
41.89 -51.11
26.25 46.43
-28.90 -12.20
44.41 45.95
22.18 4.70
28.35 -51.34
17.09 7.59
21.78 17.92
-4.86 -43.76
-36.90 40.62
44.46 -46.30
20.24 37.12
-24.56 -12.81
51.77 47.41
25.13 1.57
26.31 -45.33
20.97 2.77
24.79 22.30
-5.37 -43.56
-39.66 34.81
45.13 -53.94
25.30 46.59
-31.26 -15.05
45.74 45.46
23.86 5.81
21.34 -46.14
14.12 9.60
26.48 17.78
-3.44 -43.06
-38.69 34.75
45.39 -46.77
28.00 39.21
-27.79 -15.69
48.37 47.64
28.86 3.30
18.42 -44.76
25.65 11.87
25.05 19.05
-4.04 -45.18
-41.21 33.81
39.34 -53.30
23.08 39.40
-29.99 -11.99
50.27 42.58
28.48 -0.49
22.48 -52.20
23.14 7.18
15.67 18.23
-5.31 -45.78
-31.76 40.53
49.41 -45.98
28.58 40.93
-32.21 -14.28
52.21 46.95
23.47 5.03
27.37 -50.45
19.98 6.07
18.78 14.72
-3.56 -39.19
-30.44 34.03
45.89 -47.58
25.79 40.19
-27.71 -13.34
42.72 44.22
20.17 3.79
30.08 -52.64
16.32 10.56
22.00 16.81
-8.58 -44.96
-37.09 41.97
41.47 -48.82
22.06 40.59
-36.13 -11.23
47.67 51.20
22.23 2.17
26.97 -51.67
20.59 17.08
19.49 14.69
-6.33 -45.91
-34.31 36.43
35.82 -48.49
26.42 44.25
-29.88 -13.32
42.17 45.37
27.11 -0.14
23.94 -49.54
20.90 11.49
17.14 24.35
-3.31 -40.07
-42.58 37.18
46.74 -52.90
24.10 40.56
-27.83 -14.51
45.22 47.25
24.03 9.73
22.24 -46.32
18.92 4.09
13.69 15.53
-11.53 -43.36
-39.33 34.51
41.16 -48.10
27.54 37.33
-27.88 -12.50
44.83 53.11
27.46 1.95
27.74 -48.47
15.35 3.81
29.21 13.97
-1.73 -46.59
-36.47 35.42
44.59 -49.65
32.09 42.35
-30.02 -12.85
44.71 48.88
19.91 4.84
23.14 -44.82
14.83 10.76
18.52 16.97
1.01 -51.48
-39.35 30.49
41.08 -47.91
18.24 41.30
-26.95 -19.63
44.98 43.81
27.96 2.49
27.25 -51.14
18.44 7.75
22.42 21.98
-1.79 -43.29
-38.74 32.67
42.98 -51.20
24.63 44.34
-31.54 -11.57
47.39 41.19
22.82 3.36
21.44 -51.98
19.91 8.96
18.95 16.90
-1.38 -39.09
-29.24 33.46
44.87 -48.08
28.70 45.02
-32.94 -21.05
43.37 43.88
24.65 2.53
20.97 -49.07
17.20 7.09
17.74 15.91
-3.38 -45.95
-29.85 34.66
40.72 -48.53
20.16 46.28
-28.75 -12.58
49.57 47.44
22.25 3.27
23.94 -46.75
20.45 6.72
24.29 19.72
-6.46 -42.45
-35.36 34.18
44.14 -51.33
32.15 42.94
-28.10 -12.68
45.77 45.91
20.54 -3.38
28.49 -51.30
19.33 12.47
22.61 20.19
-8.73 -39.94
-37.69 33.73
41.18 -51.24
20.98 39.62
-34.46 -17.30
49.19 42.26
18.52 3.76
26.32 -46.23
20.78 9.70
25.08 19.75
-6.44 -47.41
-38.33 35.31
46.61 -52.44
25.45 40.90
-29.41 -16.14
47.11 45.64
20.60 -0.74
25.62 -48.92
22.12 9.16
15.12 20.13
-2.59 -45.63
-33.70 29.81
45.79 -47.34
27.48 43.29
-27.85 -14.93
47.24 45.79
18.70 3.45
27.36 -48.82
24.50 2.73
17.27 13.83
-6.90 -50.52
-30.45 32.09
43.41 -51.46
26.23 39.38
-28.89 -11.76
44.34 44.30
25.04 11.39
27.88 -50.36
18.90 7.43
23.79 18.45
-0.13 -41.83
-34.41 35.15
44.17 -49.64
25.87 41.62
-29.25 -11.22
46.23 45.76
22.38 4.69
26.05 -45.34
20.22 3.17
19.69 24.28
-6.66 -41.83
-37.91 33.37
46.60 -49.60
29.85 41.29
-29.34 -12.71
50.73 43.26
18.49 -0.18
21.05 -51.38
23.36 10.15
21.70 15.73
-6.26 -38.61
-41.16 33.28
42.53 -52.59
30.56 38.73
-39.04 -16.68
40.89 49.35
24.33 6.39
26.15 -48.23
16.76 5.99
20.12 12.15
-7.44 -42.23
-37.23 34.09
43.17 -48.29
21.94 39.76
-30.87 -17.79
48.58 47.05
22.49 1.65
24.61 -47.73
21.39 5.70
18.23 16.52
-3.52 -41.56
-37.64 36.00
45.88 -52.20
25.41 41.13
-29.10 -18.74
47.49 52.97
30.28 6.43
25.57 -41.58
22.63 11.06
21.41 14.47
-9.08 -46.17
-41.60 35.16
44.98 -50.41
27.86 39.21
-26.78 -11.61
46.94 45.47
26.23 3.73
24.39 -45.89
25.01 4.46
22.70 21.63
-6.78 -41.52
-41.20 31.72
41.68 -46.54
18.87 38.38
-27.12 -3.89
46.66 48.35
21.60 4.75
25.91 -45.17
19.60 6.82
21.00 15.60
-4.31 -42.11
-35.20 29.76
42.32 -52.11
20.94 44.50
-30.52 -16.63
49.74 46.74
28.74 10.17
22.93 -49.60
21.55 10.62
23.51 17.58
-7.12 -45.37
-32.98 33.71
42.00 -47.16
25.17 44.56
-33.47 -4.87
50.44 41.12
20.21 3.40
26.29 -48.71
17.98 4.82
21.79 18.98
-5.95 -45.07
-36.06 35.16
44.55 -45.58
28.16 42.75
-24.68 -7.92
51.73 48.77
26.70 -3.13
27.03 -48.17
19.24 7.43
23.72 17.48
-4.63 -45.30
-35.83 36.61
46.31 -48.81
26.59 42.31
-32.34 -16.85
49.13 49.52
23.69 2.31
23.48 -46.73
22.43 11.55
17.11 14.14
-4.81 -39.98
-43.74 33.46
43.44 -49.32
31.01 42.33
-34.92 -10.25
43.91 47.28
21.73 6.16
24.24 -49.05
20.61 9.10
22.72 16.96
-7.43 -43.95
-31.44 35.57
46.22 -45.78
29.75 43.07
-24.27 -11.34
43.65 44.74
21.22 -2.08
29.08 -49.83
20.22 3.34
24.93 19.77
-6.83 -44.91
-40.40 35.45
42.37 -43.34
25.40 42.57
-27.87 -13.45
48.47 49.73
19.49 3.04
22.36 -52.96
21.85 5.60
23.31 11.88
-4.75 -42.21
-35.25 32.81
42.39 -50.89
25.57 41.88
-34.13 -16.00
42.05 44.63
21.30 6.81
20.99 -47.04
17.72 10.60
22.15 13.45
-7.89 -47.24
-39.22 36.77
37.33 -48.90
24.20 43.43
-29.83 -10.49
44.49 47.47
23.96 1.70
28.91 -47.86
19.50 9.00
21.08 16.36
-4.54 -38.89
-40.77 30.58
44.60 -47.35
26.17 42.25
-27.87 -17.15
50.02 44.02
24.62 6.05
26.37 -47.04
28.04 9.28
25.50 17.83
-5.10 -39.99
-40.56 34.27
40.72 -57.40
22.47 44.72
-26.31 -18.85
46.28 45.71
21.17 4.27
20.69 -49.15
16.44 6.86
25.74 15.67
-5.98 -42.91
-38.18 29.83
45.60 -49.43
25.03 39.84
-31.23 -10.25
46.55 48.17
28.03 4.07
22.96 -48.71
18.30 7.34
21.22 17.44
-2.26 -44.81
-35.38 32.55
44.51 -49.25
29.35 43.66
-29.65 -12.53
49.14 48.93
20.65 1.70
28.87 -49.98
17.22 6.11
22.18 15.22
